0.061989
0.206245
0.262122
0.374632
0.46748
0.031592
0.125135
0.244957
0.372947
0.501263
0.029159
0.081368
0.215496
0.383116
0.471591
0.027782
0.087857
0.251788
0.408695
0.517009
0.026574
0.089165
0.252299
0.434892
0.545271
0.104329
0.205708
0.349438
0.439167
0.498391
0.028457
0.120207
0.2716
0.412687
0.488561
0.005539
0.109029
0.204356
0.325231
0.469608
0.03332
0.065236
0.171903
0.236539
0.357941
0.087792
0.149679
0.274742
0.375346
0.479589
0.052354
0.130219
0.21647
0.312143
0.440315
0.013529
0.063617
0.136469
0.250446
0.381163
0.028506
0.060272
0.116695
0.201859
0.336186
0.032476
0.151055
0.254612
0.384169
0.487483
0.02214
0.136921
0.295296
0.437237
0.536122
0
0.056561
0.131855
0.267465
0.441762
0.012407
0.08107
0.183266
0.324758
0.467743
0.040322
0.06908
0.223948
0.401099
0.47606
0.050866
0.187574
0.322696
0.431555
0.544838
0.002501
0.105028
0.184517
0.381884
0.513078
0.032498
0.130996
0.258897
0.381888
0.512603
0.031449
0.135602
0.23673
0.355141
0.463235
0.018848
0.063487
0.21174
0.293439
0.434127
0.039306
0.205564
0.302095
0.409396
0.515154
0.042131
0.179278
0.325552
0.457659
0.548982
0.035196
0.16572
0.321872
0.419232
0.577175
0.028644
0.090283
0.219874
0.341872
0.450259
0.019981
0.11922
0.198715
0.329355
0.435649
0.017592
0.098451
0.213596
0.346756
0.472459
0.051841
0.197147
0.288616
0.409103
0.48983
0.012873
0.069148
0.196827
0.501063
0.687127
0.030282
0.064545
0.388892
0.60726
0.819082
0
0.049884
0.328492
0.736937
0.832481
0.037193
0.075837
0.272774
0.743116
0.816164
0.023259
0.030891
0.409916
0.699413
0.808089
0.040969
0.160464
0.378421
0.704142
0.811723
0.02886
0.029868
0.23553
0.514454
0.69573
0.002154
0.033951
0.258088
0.58604
0.72366
0.032371
0.0682
0.219959
0.549672
0.71022
0.022005
0.134202
0.646726
0.761771
0.846264
0.008109
0.180489
0.517848
0.724555
0.790682
0.016044
0.074939
0.154162
0.322037
0.551065
0.021995
0.046741
0.134775
0.462546
0.734366
0.016972
0.273514
0.53166
0.654502
0.770318
0.020702
0.078837
0.155843
0.429371
0.729901
0.000208
0.009289
0.037806
0.269258
0.638936
0.015565
0.06327
0.323963
0.567924
0.765559
0.022606
0.091709
0.362078
0.699263
0.827044
0.027168
0.098655
0.425072
0.744926
0.845802
0.013677
0.075115
0.300448
0.599293
0.829291
0.024131
0.042972
0.180693
0.537272
0.666299
0.019647
0.124728
0.307087
0.663131
0.780081
0.021858
0.059661
0.260905
0.555248
0.710816
0.03117
0.436003
0.69303
0.884946
0.917643
0.043167
0.117386
0.341719
0.721518
0.826071
0.046621
0.369293
0.713532
0.775962
0.891153
0.026266
0.057287
0.16848
0.578454
0.72654
0.015467
0.128719
0.48843
0.689535
0.775016
0.037552
0.107661
0.22941
0.589821
0.730394
0.031199
0.118715
0.348318
0.621443
0.78259
0.011967
0.135311
0.364361
0.575843
0.826916
0.027045
0.191014
0.485551
0.754413
0.955908
0.000294
0.118135
0.389335
0.696563
0.904305
0.038118
0.202935
0.40938
0.65082
0.824682
0.027567
0.143161
0.459942
0.779221
0.92569
0.078557
0.209039
0.405463
0.638977
0.78525
0.028659
0.04294
0.3226
0.546622
0.765875
0.002141
0.07252
0.385885
0.63062
0.804854
0.026943
0.07438
0.245089
0.545794
0.810573
0.044337
0.237538
0.558713
0.761955
0.977123
0.008125
0.176319
0.517954
0.808429
0.97208
0.015411
0.056298
0.178762
0.379203
0.60903
0.02235
0.044189
0.170479
0.377391
0.617103
0.031247
0.267004
0.50863
0.763424
0.907292
0.065431
0.166944
0.247797
0.408123
0.682337
0.000208
0.044763
0.159952
0.394424
0.693041
0.014624
0.106412
0.380948
0.665182
0.820598
0.054907
0.15031
0.37292
0.723122
0.887085
0.031707
0.182316
0.434438
0.681236
0.885726
0.017065
0.171858
0.364208
0.670977
0.910231
0.018268
0.090044
0.306238
0.501412
0.753767
0.00401
0.080263
0.391021
0.605435
0.836572
0.004027
0.07784
0.187381
0.5554
0.756591
0.023928
0.300653
0.655226
0.850891
1
0.058402
0.178501
0.391255
0.606085
0.88881
0.032796
0.313328
0.5723
0.837374
0.967152
0.035962
0.164425
0.349715
0.533182
0.763933
0.001972
0.162116
0.531665
0.80232
0.9842
0.045103
0.114308
0.317298
0.547713
0.771946
0.042023
0.121537
0.403444
0.64108
0.896614
0.052376
0.253058
0.375741
0.48988
0.565219
0.125646
0.318731
0.475221
0.600628
0.707734
0.067654
0.243427
0.498129
0.619963
0.724084
0.050821
0.292757
0.428868
0.59531
0.69654
0.027877
0.19512
0.381516
0.54904
0.726603
0.222083
0.325322
0.503035
0.594751
0.666608
0.031725
0.226116
0.375526
0.570449
0.699115
0.011536
0.088824
0.264691
0.467049
0.638799
0.046471
0.246678
0.370894
0.483852
0.644948
0.169833
0.271892
0.447987
0.568643
0.680636
0.06606
0.270288
0.402802
0.487372
0.606523
0.022738
0.092167
0.332709
0.400978
0.575855
0.004041
0.190149
0.337513
0.451414
0.609818
0.031954
0.193461
0.352432
0.50537
0.641992
0.124647
0.290345
0.439697
0.571498
0.659032
0.01751
0.143125
0.322969
0.518165
0.672643
0.030943
0.20824
0.320127
0.513709
0.598478
0.0869
0.254457
0.490956
0.61773
0.735444
0.094844
0.309781
0.524452
0.653247
0.752071
0.03226
0.138743
0.335892
0.512508
0.738256
0.1984
0.296648
0.422267
0.546638
0.635856
0.021546
0.179984
0.355739
0.574764
0.701658
0.047634
0.224576
0.411411
0.536042
0.679135
0.119233
0.339214
0.531446
0.617306
0.721442
0.224163
0.369215
0.539079
0.606823
0.73422
0.07239
0.3657
0.586326
0.69673
0.816409
0.067151
0.293905
0.432026
0.586492
0.700958
0.038818
0.172603
0.344786
0.538384
0.653117
0.064548
0.20291
0.371083
0.600194
0.683021
0.098706
0.262388
0.490339
0.638011
0.74192
0.042668
0.142435
0.341114
0.471038
0.749795
0.024984
0.114349
0.259421
0.463945
0.895963
0.083456
0.215749
0.36312
0.571217
0.913013
0.060651
0.182437
0.34814
0.635791
0.777178
0.078072
0.201968
0.48198
0.77854
0.952775
0.066743
0.147199
0.399275
0.50841
0.749996
0.031725
0.187156
0.290016
0.484981
0.758275
0.047046
0.249072
0.4081
0.588777
0.785378
0.044255
0.121626
0.247087
0.404821
0.762872
0.036967
0.149343
0.26224
0.538365
0.856256
0.055759
0.361151
0.583247
0.800442
0.912743
0.015862
0.1098
0.179801
0.29032
0.44184
0.012523
0.067628
0.230962
0.340858
0.569738
0.058938
0.226532
0.461503
0.673304
0.965805
0.074177
0.162926
0.295628
0.470207
0.654704
0.013494
0.078074
0.207243
0.350514
0.590394
0.047668
0.177046
0.359401
0.587549
0.790275
0.035081
0.172279
0.364939
0.606542
0.868067
0.087942
0.22996
0.380931
0.569354
0.845567
0.034108
0.188499
0.470544
0.670046
0.879711
0.011442
0.083287
0.241583
0.415576
0.657591
0.046042
0.161031
0.394708
0.54916
0.769242
0.019751
0.139744
0.300325
0.459809
0.69641
0.073076
0.308526
0.725918
0.962783
0.999409
0.086547
0.190692
0.306891
0.547604
0.845918
0.075406
0.292512
0.558793
0.817972
0.962827
0.036354
0.115158
0.229825
0.406963
0.60586
0.060455
0.234857
0.518088
0.747465
0.932888
0.056444
0.206285
0.348899
0.521398
0.718836
0.08644
0.198053
0.419918
0.61631
0.83392
0.056181
0.200969
0.310325
0.370599
0.037807
0.163089
0.366567
0.452587
0.116568
0.339159
0.605352
0.689729
0.036407
0.139471
0.344892
0.457522
0.069831
0.2564
0.514702
0.614887
0.111255
0.285157
0.407726
0.516734
0.143308
0.289023
0.553583
0.565118
0.097268
0.209819
0.352458
0.416757
0.075542
0.200369
0.39911
0.026858
0.144776
0.279523
0.378507
0.090437
0.212385
0.341556
0.389413
0.046767
0.18325
0.356077
0.469925
0.105398
0.23884
0.452383
0.091671
0.305203
0.64059
0.094336
0.265063
0.409732
0.506456
0.02342
0.156705
0.369062
0.458282
0.013177
0.14237
0.258125
0.323351
0.061938
0.223733
0.369587
0.458626
0.073889
0.198001
0.389842
0.470886
0.056443
0.192126
0.370885
0.450367
0.124708
0.289588
0.39293
0.505777
0.08063
0.184374
0.332786
0.410194
0.04066
0.220943
0.319527
0.378758
0.052038
0.130973
0.272601
0.413102
0.093578
0.260493
0.401872
0.465398
0.090613
0.314752
0.62527
0.056003
0.214995
0.433002
0.497138
0.079246
0.198892
0.406588
0.554236
0.055548
0.202823
0.331716
0.385333
0.068355
0.17278
0.409342
0.468556
