32.5610753221011
66.3595491701759
44.6949845201238
39.2345587325164
9.22907379891035
41.3313514183079
68.9220763131814
27.9575337377739
75.3515151515151
50.6379310344828
82.9107142857143
32.1369047619048
51.8415300546448
30.3187500000000
68.2171428571429
24.8711340206186
31.2937853107345
26.0977011494253
70.4327485380117
26.5308641975309
51.3170731707317
60.9472891566265
18.7848837209302
19.7500000000000
79.3670886075949
67.2977528089888
70.9945945945946
81.9050279329609
52.8430232558140
41.4269005847953
48.8136645962733
72.8826815642458
15.8952380952381
86.6086956521739
48.5290322580645
73.0259067357513
27.0057142857143
32.3089887640449
65.9430051813472
67.1631578947368
59.8421052631579
67.5869565217391
61.9285714285714
77.4022988505747
77.4583333333333
20.5818181818182
26.4057142857143
61.1494845360825
76.9239130434783
55.5923913043478
34.2111801242236
71.3233532934132
41.9707602339181
72.4574468085106
66.3941176470588
65.7961783439490
55.7792207792208
79.4378698224852
73.0880829015544
11.9771428571429
73.6390532544379
28.5128205128205
17.5192307692308
79.4166666666667
73.8344370860927
56.3989637305699
41.3470588235294
8.24683544303798
70.6375000000000
46.3694267515924
80.5000000000000
71.8633879781421
49.7958115183246
75.1777777777778
65.4180790960452
30.1091954022989
77.6021505376344
60.2879581151832
25.1363636363636
63.0452261306533
74.5406698564593
72.9100000000000
74.3647798742138
61.3453608247423
58.4301075268817
53.7023809523810
66.1084337349398
61.4619883040936
39.4134078212291
29.1282051282051
52.6313131313131
23.0121212121212
67
56.4699453551913
49.8076923076923
28.7119565217391
28.9595375722543
46.0537634408602
64.5519125683060
31.7294685990338
46.4747474747475
35.4835164835165
74.6608187134503
26.6666666666667
69.1840796019901
61.7888888888889
55.4823529411765
78.5172413793104
66.2122905027933
30.9360465116279
9.13907284768212
49.5000000000000
24.5151515151515
50.9944134078212
75.4817073170732
77.9597701149425
72.5909090909091
43.6686390532544
53.8414634146342
52.2906976744186
76.3854166666667
70.5421052631579
42.6860465116279
61.7126436781609
13.1139240506329
73.1111111111111
57.1913580246914
75.1790123456790
68.1472392638037
67.9885057471264
48.8034682080925
53.0206185567010
67.2822085889571
84.1602209944751
59.2565445026178
68.3112582781457
14.6382978723404
64.0529411764706
49.4756756756757
72.7076023391813
41.1000000000000
57.6666666666667
52
43.2471264367816
45.3710691823899
81.7687861271676
81.2555555555556
64.6806282722513
53.1524390243903
30.9830508474576
68.8243243243243
59.0318471337580
3.49758454106280
77.1139240506329
53.0800000000000
59.4500000000000
43.8820512820513
34.1234567901235
56.4450867052023
10.7272727272727
52.0304878048781
74.2721893491124
74.9493670886076
73.1847826086957
35.8359788359788
50.5745856353591
61.7771739130435
39.1543209876543
46.7079207920792
48.7800000000000
57.2427745664740
70.3241758241758
71.7964071856287
68.3602150537634
61.6130952380952
71.9005847953216
49.0904255319149
85.2163742690059
62.2857142857143
27.1538461538462
39.0186335403727
60.1521739130435
61.7910447761194
70.7417218543046
75.6416184971098
62.0793650793651
78.6117647058824
21.5740740740741
83.0617283950617
44.3989071038251
65.3254437869823
50.1882352941176
47.0273224043716
71.6358024691358
68.4107142857143
28.1041666666667
70.6449704142012
63.2893081761006
34.0949720670391
43.5705882352941
45.7103825136612
20.1684210526316
66.9148936170213
56.0765027322404
40.7413793103448
30.9116022099448
47.7976878612717
43.4583333333333
61.0135135135135
35.8125000000000
30.9166666666667
43.5468750000000
40.6723163841808
12.8343558282209
72.4691358024691
38.3793103448276
27.0718232044199
49.6368159203980
56.3966480446927
38.5060240963855
41.2596685082873
74.7877094972067
63.9084967320261
51.1377245508982
87.3655913978495
67.1988636363636
51.1732673267327
13.7193877551020
44.9293478260870
19.3764044943820
35.1036585365854
69.6714285714286
22.6558441558442
56.6777777777778
49.2471910112360
52.7921348314607
69.9371069182390
49.3015873015873
34.2670454545455
35.1693121693122
76.2909090909091
53.5519125683060
77.0714285714286
44.2628571428571
53.4793814432990
65.3908045977012
77.9268292682927
52.3539325842697
46.9076923076923
58.4204545454546
82.5393939393940
6.39344262295082
68.7888888888889
67.7241379310345
67.1888888888889
80.5906432748538
51.0928961748634
58.3897435897436
43.8639053254438
47.3791208791209
11.7604790419162
86.6021505376344
62.3176470588235
51.5523255813954
27.9622641509434
8.93296089385475
67.6868131868132
66.8625000000000
79.8022598870057
41.3385416666667
58.9166666666667
58.6521739130435
30.5376344086022
69.2833333333333
34.2554347826087
58.6551724137931
71.0285714285714
52.0306122448980
68.0994475138122
52.6824644549763
76.2762430939227
43.2024539877301
64.5524861878453
50.6684782608696
62.9235294117647
34.3798882681564
24.9709302325581
67.3815028901734
44.5620437956204
36.5214723926380
23.1648936170213
43.8826815642458
53.8663101604278
50.1354166666667
52.9216867469880
43.3291925465839
57.3772455089820
28.3439490445860
66.5780346820809
68.0320855614973
59.6281407035176
43.1871657754011
24.0301204819277
23.2134831460674
74.2057142857143
71.5062500000000
61.3166666666667
64.6181818181818
79.1136363636364
63.7606382978723
82.1111111111111
69.7028571428571
35.0379746835443
56.6136363636364
40.7272727272727
74.0184049079755
58.3764705882353
64.4482758620690
30.1505376344086
59.0057471264368
82.7754010695187
81.8404907975460
69.7560975609756
48.5473684210526
53.8333333333333
68.1485148514852
51.6647058823529
36.8957055214724
65.9218750000000
73.2793296089386
44.4461219097943
58.6402439024390
54.4047619047619
76.8456375838926
71.2571428571429
76.0965909090909
38.1234567901235
79.7025641025641
55.4615384615385
33.1403508771930
67.5964912280702
34.0977011494253
58.3045977011494
17.9569892473118
56.4342105263158
33.0114942528736
45.8622448979592
16.9041916167665
79.7675675675676
72.0934065934066
66.9209039548023
71.8978494623656
59.6648648648649
55.9949238578680
74.1656441717791
62.2513966480447
71.5644171779141
59.4812834224599
64.1695906432749
67.4011976047904
52.6861702127660
37.9147727272727
13.0056818181818
63.3351955307263
62.6149732620321
46.4157303370787
61.9479166666667
34.4968553459119
58.7621951219512
49.8797468354430
57.3812500000000
65.1989247311828
57.3333333333333
18.9382716049383
18.4777070063694
60.2108108108108
65.8383233532934
71.0564102564103
17.0055555555556
83.1770833333333
47.2435233160622
13.1256830601093
25.3314606741573
61.5384615384615
41.1000000000000
72.0392156862745
63.1963190184049
69.3869047619048
62.4648648648649
38.1914893617021
46.8588957055215
75.5765306122449
79.0800000000000
44.4471153846154
7.68811881188119
77.2011834319527
56.0952380952381
6.04326923076923
75.7798742138365
65.5325443786982
72.9230769230769
55.7752808988764
69.2068965517241
76.4090909090909
57.6444444444444
7.36956521739131
58.5466666666667
15.2201257861635
59.4096385542169
50.1395348837209
53.7798742138365
65.1744186046512
22.5454545454545
64.0888888888889
54.1623036649215
75.5222222222222
60.0108695652174
66.0144927536232
49.5000000000000
52.7797619047619
50.0928961748634
51.8306878306878
45.2027027027027
67.7826086956522
53.8601036269430
70.7556818181818
62.3450292397661
57.4647058823529
12.9329608938547
81.3448275862069
67.6169154228856
56.4772727272727
62.8062827225131
27.5393258426966
85.2173913043478
57.0975609756098
65.5031446540881
32.5611111111111
35.6419753086420
80.8633879781421
51.8994413407821
31.9783141617952
68.4527027027027
37.8636363636364
71.4827586206897
27.2046783625731
56.1856287425150
63.0903614457831
73.0752688172043
78.8036809815951
63.0714285714286
40.4857142857143
62.1379310344828
78.6287425149701
27.8415300546448
43.2814371257485
70.3703703703704
75.6875000000000
76.2371794871795
52.4293478260870
38.2352941176471
59.4210526315789
62.5661375661376
82.2829268292683
59.0051813471503
52.0109890109890
64.7904191616767
17.9750000000000
48.2732919254658
78.8193548387097
67.1283422459893
71.8823529411765
70.0481927710843
50.5923566878981
69.5789473684211
14.1781609195402
59.4754098360656
27.6982248520710
42.7950310559006
20.3493975903614
83.2834224598931
10.6685714285714
61.5576923076923
7.50000000000000
44.7307692307692
62.2561827449500
74.1833333333333
37.7562500000000
54.4594594594595
72.8700564971751
41.8607594936709
60.5228426395939
47.8833333333333
64.7989690721650
39.8047337278107
40.3920454545455
51.8719592683387
58.2160804020101
48.6256983240223
65.1111111111111
81.1257861635220
57.4026845637584
56.2459016393443
76.0946745562130
71.5214723926380
69.6470588235294
54.4218750000000
4.93782383419689
56.4268292682927
30.1455399061033
36.1533333333333
55.2594594594595
56.1065088757396
68.6024096385542
50.1219512195122
40.8709677419355
72.3135135135135
32.1032608695652
42.4121212121212
37.0487804878049
66.6166666666667
64.8203592814371
39.8000000000000
66.0959595959596
75.3294117647059
63.0752688172043
56.3555555555556
71.7692307692308
11.7258064516129
77.9034756327918
73.6235294117647
52.7096774193548
29.5026737967914
40.3966480446927
63.1475409836066
62.5301204819277
64.1180124223603
35.5517241379310
52.5519125683060
51.9005524861879
68.0555555555556
59.9897435897436
60.7500000000000
78.5301204819277
21.2356020942408
69.4797979797980
65.4294117647059
25.9064327485380
77.2880434782609
61.0927152317881
78.8081395348837
65.0696517412935
78.6789473684211
70.2055555555556
65.2634408602151
44.4129032258065
72.8509316770186
48.6994818652850
45.4176470588235
50.2594594594595
65.8895348837209
35.2727272727273
21.8011049723757
74.3393939393939
61.1666666666667
67.9781420765027
72.1049382716049
43.1189189189189
73.4855769230769
29.5828571428571
47.3246073298429
52.7378048780488
75.1823204419890
80.3618090452261
76.1182795698925
78.1038251366120
68.4210526315790
63.5806451612903
41.6809815950920
65.5511363636364
58.3953488372093
80.9364161849711
60.0160427807487
57.0113636363636
66.6959064327485
67.5235294117647
81.4702702702703
84.8138297872340
78.1361256544503
57.8549222797927
73.0687500000000
68.8086419753087
8.20338983050847
49.4082840236686
63.0476190476191
45.3031914893617
56.1933701657459
48.5157232704403
60.9462365591398
42.7650602409639
66.6815642458101
74.6289308176101
50.9508196721311
31.4974093264249
48.2842105263158
59.9883720930233
65.4550000000000
65.4934210526316
38.4894736842105
71.0056818181818
53.3018867924528
58.1581920903955
40.1283422459893
81.8381502890173
79.8333333333333
74.9069767441861
42.3352941176471
48.8562874251497
69.8776595744681
78.3333333333333
45.8081395348837
71.1657458563536
61.4947368421053
32.3220338983051
50.5870967741936
31.7702702702703
46.4659090909091
55.9939024390244
70.6580310880829
21.1428571428571
26.2022471910112
16.1345029239766
63.7624309392265
64.5180722891566
31.4557823129252
49.6405228758170
43.9597315436242
43.5384615384615
45.5090909090909
49.1714285714286
73.9455445544555
35.3793103448276
43.0193548387097
59.3646408839779
66.9944751381215
27.8388888888889
53.7757575757576
71.3636363636364
30.7247191011236
6.52071005917160
15.6473988439306
71.8013698630137
12.5628742514970
54.1937172774869
16.6012658227848
77.0786516853933
19.4915254237288
63.5432098765432
19.8035714285714
19.5536723163842
23.0584795321637
52.1385542168675
60.0432098765432
15.5828220858896
55.0315789473684
9.20833333333333
9.82758620689655
34.9441340782123
6.22424242424243
9.90967741935484
3.42000000000000
68.1116751269036
38.1843575418994
14.9623655913979
8.47777777777778
4.86503067484663
7.07853403141361
10.4418604651163
18.5961538461538
40.0747126436782
37.3389830508475
27.8534031413613
60.0975609756098
29.4756756756757
49.1272727272727
66.7903225806452
12.5562130177515
77.8275862068966
37.2539682539683
25.2378378378378
43.7027027027027
9.73885350318471
27.6608187134503
30.1626506024096
48.0200000000000
4.84615384615385
77.7459459459460
5.27777777777778
17.4875000000000
4.34391534391534
19.1736842105263
17.0229885057471
48.2045454545455
45.5689655172414
18.0060606060606
72.4438202247191
61.9329268292683
53.8306010928962
57.9261363636364
86.3469387755102
46.4134078212291
31.8333333333333
88.3407821229050
90.2446808510638
66.5370370370370
46.4240837696335
82.6129032258065
62.1088082901554
80.6993865030675
27.9641025641026
23.5384615384615
30.7371428571429
36.9629629629630
45.5238095238095
31.5000000000000
83.4797687861272
77.4866310160428
46.8750000000000
45.3351955307263
23.6467391304348
19.6440677966102
4.30813953488372
54.4259259259259
76.9039548022599
43.9864864864865
69.4232804232804
83.9212121212121
69.2865168539326
59.8291139240506
5.65868263473054
72.9521276595745
69.4000000000000
69.5337423312883
76.9844559585492
64.5027932960894
79.5029239766082
81.5852272727273
57.5254237288136
25.7738095238095
60.6301369863014
83.8452380952381
44.1428571428571
64.9619565217391
87.3710691823899
65.6032608695652
76.2178770949721
75.4709302325582
48.1676646706587
72.9210526315790
74.3975155279503
65.4795918367347
77.1783783783784
82.0734463276836
76.2562814070352
85.5240963855422
83.4157303370787
80.3333333333333
87.5820105820106
73.5401069518717
12.7964071856287
82.5632183908046
84.7806122448980
83.6213017751479
91.0780487804878
78.0243902439025
81.5521472392638
80.9340659340659
92.4319526627219
88.9175824175824
49.6511627906977
77.0659340659341
82.9759036144578
90.5497076023392
83.4097222222222
41.3312500000000
36.8156424581006
74.5172413793104
71.6815642458101
60.1314285714286
79.3949044585987
66.1067415730337
77.4378109452736
79.6142131979696
68.5483870967742
24.5141242937853
61.0555555555556
69.6153846153846
9.55154639175258
64.2822085889571
8.72251308900524
21.4946236559140
21.1927710843374
40.7076923076923
85.9771428571429
71.4921465968586
83.3630952380952
74.6878980891720
59.9360465116279
76.8042328042328
64.6102564102564
37.0228571428571
25.4715909090909
32.4563758389262
16.0268456375839
14.3050847457627
21.7701149425287
8.27551020408163
78.3313609467456
50.9757575757576
24.9368421052632
13.0289017341040
12.8993710691824
44.4692737430168
76.1094527363184
82.4784946236559
68.9811320754717
26.6052631578947
77.3576158940397
36.2395209580838
34.9461077844311
21.7225130890052
66.6647727272727
59.1761363636364
61.6804123711340
21.7682119205298
26.2388888888889
22.7076023391813
71.3273809523810
63.4802259887006
72.7886597938144
28.7044025157233
91.4361702127660
34.7870967741936
70.6564417177914
60.7849462365591
79.5925925925926
80.9817073170732
84.0810810810811
70.6077348066298
26.6428571428571
83.6795580110497
65.0059171597633
80.0769230769231
20.8342857142857
79.0809248554913
76.6619047619048
49.2051282051282
74.9438202247191
67.9101123595506
27.1347150259067
66.2816091954023
45.9230769230769
80.2105263157895
80.6952380952381
57.9772727272727
23.3005464480874
12.0443349753695
28.7756097560976
34.4186046511628
14.2160493827160
26.2960893854749
6.52486187845304
37.1299435028249
37.4010989010989
87.8478260869565
72.2598870056497
61.5000000000000
65.0833333333333
43.2736318407960
83.5449735449735
83.4624277456647
29.4733727810651
27.8888888888889
72.9259259259259
50.2941176470588
52.1028571428571
28.1758241758242
62.9435028248588
72.0462427745665
75.0602409638554
61.1656050955414
45.4687500000000
43.4316939890710
56.1349693251534
57.7177914110429
51.6589595375723
73.9627659574468
70.7062146892655
22.0129870129870
78.7081081081081
67.1761006289308
58.0220994475138
70.3687500000000
63.8702702702703
13.9710982658960
73.2421052631579
77.4260355029586
61.4250000000000
70.2865853658537
38.3988095238095
75.5408805031447
67.4725274725275
77.2460732984293
78.0250000000000
70.7000000000000
73.3750000000000
69.1264367816092
75.8690476190476
74.6488095238095
81.8520408163265
75.1545893719807
10.1767955801105
47.3312500000000
49.0994764397906
57.7219251336898
58.9939759036145
38.5632183908046
50.3508771929825
59.4319526627219
60.2459016393443
73.1803278688525
71.8324607329843
70.5214723926380
76.4712643678161
79.4943820224719
49.3920454545455
67.6150000000000
61.8837209302326
60.5471698113208
53.6374269005848
62.2525773195876
34.2919254658385
70.2954545454546
74.0251572327044
77.4506172839506
24.2038216560510
25.4371257485030
74.4623655913979
75.9825581395349
42.4226190476191
58.7979274611399
62.7955801104972
54.6184210526316
77.4277456647399
32.6277777777778
64.9883720930233
49.8730158730159
44.6875000000000
4.80745341614907
61.9268292682927
78.8424242424242
63.6407185628743
71.8154761904762
69.3782383419689
72.8428571428571
65.0394736842105
80.5520833333333
68.9142857142857
80.1005586592179
68.8544303797468
73.3081395348837
69.6134969325153
56.6959064327485
74.2256410256410
66.9428571428571
44.9548022598870
49.4518072289157
65.3641975308642
56.3705583756345
44.6800000000000
74.8192090395480
46.7836257309942
34.9759036144578
61.1011904761905
81.0366492146597
54.8034682080925
78.5126582278481
86.2127659574468
37.4251207729469
58.9470899470900
46.7692307692308
65.4606741573034
83.4316939890710
61.0203045685279
65.4497041420118
50.8306010928962
49.0670731707317
56.5121951219512
53.5574712643678
40.6722222222222
30.4891304347826
64.3212121212121
62.3502824858757
66.2142857142857
63.1459459459460
57.8427672955975
56.1573033707865
46.6704545454546
54.1743589743590
75.8743455497382
38.1000000000000
58.8095238095238
63.9604519774011
65.6347305389222
29.9679144385027
42.4397590361446
62.9617486338798
55.1488095238095
73.8670212765958
51.3085714285714
72.6464646464647
42.7708333333333
72.0304878048781
72.5155279503106
79.9388888888889
76.1626506024096
81.5161290322581
72.7566137566138
67.4560439560440
77.5548780487805
69.7880434782609
75.7584269662921
67.5052631578947
75.5824742268041
48.9152542372881
21.8762886597938
59.6607142857143
56.1428571428571
75.9277108433735
25.9285714285714
73.3121019108280
82.3021978021978
80.4835164835165
61.0736842105263
37.7602040816327
57.8562874251497
81.2187500000000
72.0602409638554
57.3274853801170
54.6200000000000
72.4891304347826
77.2475247524752
64.2329545454546
39.6265822784810
49.4444444444444
60.2165605095541
55.3837209302326
61.2185792349727
73
83.1164021164021
66.6746987951807
76.0810810810811
68.5642458100559
39.3919597989950
49.3274853801170
56.7329842931937
84.0440251572327
58.7707006369427
66
75.2528735632184
74.7473118279570
82.2046783625731
66.6111111111111
70.6318681318681
71.2754491017964
61.9329608938548
26.6610169491525
59.6363636363636
52.1947368421053
65.2842639593909
70.2670454545455
78.1856287425150
83.3750000000000
82.3128834355828
72.8333333333333
49.9567901234568
80.1834319526627
53.8787878787879
73.0621761658031
77.9028571428571
59.9836065573771
56.8680555555556
76.2642487046632
86.0601092896175
82.5133689839572
10.7607361963190
74.6150000000000
76.2857142857143
78.7961783439490
64.3694581280788
57.7010869565217
50.8141025641026
75.6344086021505
66.5233160621762
78.4157303370787
73.2793296089386
69.5885714285714
50
80.6322580645161
43.5933333333333
31.6408839779006
76.9629629629630
64.0053763440860
49.9891891891892
52.4285714285714
53.6453488372093
57.4309392265193
74.7802197802198
76.9670329670330
55.0120481927711
49.6172839506173
77.2000000000000
61.6062176165803
72.0931677018634
80.6294117647059
70.0736196319018
55.9135135135135
46.0392156862745
72.5465116279070
50.4180790960452
64.3296703296703
65.9005847953216
40.3898305084746
66.4114285714286
77.0171428571429
67.6047904191617
44.1720430107527
51.9020618556701
70.6741573033708
71.7639751552795
61.1055555555556
71.2721088435374
47.2102564102564
73.2048192771084
75.8351648351648
48.4530386740332
72.1272727272727
68.1968085106383
58.6432160804020
61.8518518518519
71.1263157894737
28.0909090909091
74.3626373626374
28.8106508875740
51.8604651162791
48.1452513966480
47.8362573099415
21.6858593363051
11.9002849002849
62.6617118791032
87.0655924892159
72.7538709277840