21.57894737
35.78947368
32.63157895
54.31578947
40
52.68421053
51.42105263
46.21052632
60.73684211
54.05263158
59.42105263
66.10526316
8.526315789
20.26315789
42.31578947
43.94736842
49.10526316
46.78947368
54
56.89473684
59.10526316
62.21052632
62.73684211
73.47368421
66.78947368
74.15789474
72.78947368
15.10526316
18
29.73684211
40
43.15789474
41.84210526
48.68421053
54.21052632
56.84210526
63.31578947
53.10526316
65.21052632
64.94736842
62.89473684
60.42105263
13.36842105
14.10526316
21.10526316
31.94736842
31.15789474
39.05263158
41.26315789
45.73684211
47.05263158
51.89473684
50.31578947
59.10526316
62.42105263
58.89473684
65.89473684
5
17.89473684
18.26315789
36.26315789
35.47368421
38.63157895
38.57894737
47.36842105
54
49.26315789
55.57894737
61.78947368
63.63157895
63.31578947
66.31578947
7.473684211
7
14.68421053
38
43.36842105
49.78947368
53.42105263
61.68421053
60.42105263
61.05263158
66.52631579
69.15789474
74.36842105
66.05263158
75.15789474
10.57894737
19.15789474
21.31578947
46.52631579
44.63157895
52.26315789
52.68421053
62.84210526
62.52631579
58.89473684
64.15789474
68.36842105
69.68421053
77.78947368
70.26315789
13.42105263
18.21052632
25.26315789
24.15789474
28.15789474
34
38.78947368
43.89473684
47.57894737
49.31578947
51.73684211
53.68421053
58.15789474
60.84210526
61.10526316
9.105263158
22.26315789
24.78947368
50.94736842
51.78947368
53.73684211
66.73684211
66.36842105
61.84210526
70.42105263
74.10526316
77.68421053
76.47368421
77.26315789
84.42105263
21
24.36842105
43.52631579
30.73684211
34.73684211
35.15789474
35.52631579
45.52631579
43.26315789
48.05263158
50.63157895
59.10526316
59.26315789
55.47368421
60.63157895
8
9
12.42105263
43.73684211
51.21052632
56.10526316
54.94736842
66.31578947
63.42105263
67.15789474
64.42105263
74.84210526
74
75.94736842
80
15.52631579
15.42105263
23.21052632
37.10526316
42.10526316
40.73684211
45.89473684
60
57.52631579
57.84210526
64.05263158
72.36842105
69.63157895
68.05263158
73
10.63157895
13.89473684
21.15789474
33
43.63157895
44.36842105
55.68421053
52.42105263
54.78947368
55.63157895
61.47368421
67.84210526
62.47368421
63.36842105
68.15789474
5.842105263
15.47368421
29.36842105
26.15789474
35
42.36842105
42
45.15789474
48.57894737
53.26315789
64.31578947
56.89473684
63.42105263
60.36842105
72.73684211
9.578947368
21.31578947
23.10526316
18.63157895
34.15789474
37.05263158
50.36842105
43.73684211
45.84210526
48.05263158
65.26315789
56.31578947
58.73684211
61.42105263
66.63157895
14.26315789
16.94736842
25.89473684
25.05555556
28.27777778
45.72222222
52.33333333
37.55555556
47.33333333
52.05555556
58.44444444
56.61111111
61.44444444
62.66666667
67.38888889
14.44444444
36.83333333
50.88888889
30.88888889
41.77777778
47.88888889
55.61111111
51.61111111
55.22222222
58.500
61.33333333
64.61111111
69.11111111
71.500
72.05555556
5.666666667
31.22222222
36.83333333
36.05555556
39.500
49.38888889
52.16666667
54
56.61111111
64.27777778
58.33333333
71.16666667
70.55555556
71.16666667
79.44444444
7.5000
30.55555556
36.05555556
25.83333333
29.16666667
45.11111111
45.44444444
49
45.66666667
55.16666667
57.66666667
59.16666667
57.77777778
67.61111111
65.94444444
6.5000
29.88888889
33.11111111
26.77777778
28.05555556
42.72222222
45.22222222
50.22222222
48.38888889
51.66666667
54.77777778
60.83333333
64.44444444
65.88888889
65.94444444
6.333333333
22.94444444
32.72222222
35
45.11111111
52.88888889
57.500
60.33333333
67.61111111
68.500
71.38888889
70.500
77.22222222
80.500
75.33333333
7.333333333
35
38.94444444
39.38888889
38.500
44.61111111
48.61111111
58.72222222
53
61.11111111
64.83333333
70.11111111
73.05555556
64.500
73
3.111111111
23.77777778
33.33333333
22
26.16666667
43.05555556
51.44444444
45.72222222
49.22222222
50.88888889
53
59.38888889
62.38888889
61.77777778
66.55555556
10.66666667
31.11111111
37
45.16666667
44.11111111
62.94444444
62.55555556
64.83333333
67.83333333
70.77777778
71.38888889
76.88888889
77.44444444
84.66666667
80.61111111
11.66666667
44.33333333
49.44444444
25.500
28.11111111
37.66666667
44.94444444
45.16666667
46.22222222
49.77777778
56.72222222
55.44444444
60.66666667
65.55555556
68.88888889
0.6111111110
20.11111111
25.72222222
33.83333333
36.94444444
54.27777778
57.16666667
53.72222222
60.66666667
61.94444444
64.77777778
70.44444444
74.94444444
82
77.55555556
5.166666667
27.61111111
39.83333333
31.05555556
32.44444444
41.83333333
52.83333333
47.77777778
57.38888889
58.22222222
61.61111111
68.94444444
65.94444444
69.05555556
75.72222222
6.666666667
25.27777778
35.94444444
27.16666667
32.27777778
43.16666667
51.61111111
50.27777778
53.94444444
53.72222222
57.88888889
67.77777778
65.72222222
62.33333333
64.61111111
6.888888889
24.22222222
37
17.55555556
22.94444444
34.22222222
42.500
30
40.33333333
44.500
46.22222222
54.88888889
54.61111111
60.66666667
61.77777778
5.777777778
26.83333333
28.94444444
12.44444444
22.94444444
36.44444444
44
36.72222222
43.94444444
51.72222222
54.88888889
49.77777778
59.61111111
57.88888889
58.55555556
9.333333333
27.33333333
32.500