52
82
18
8
20
61
72
22
51
64
38
69
50
22
38
50
70
16
20
77
42
72
25
15
15
81
66
29
44
61
63
74
62
25
29
52
60
38
2
45
70
72
42
21
28
51
61
8
36
61
67
80
72
42
13
52
56
13
13
42
79
79
44
26
12
60
59
25
14
52
69
83
41
31
24
62
60
19
8
53
27
80
49
40
45
41
62
30
5
71
17
71
46
19
27
38
66
43
51
72
60
77
27
75
23
39
55
23
36
35
69
73
32
33
39
63
57
7
24
53
43
73
50
35
57
53
65
15
0
59
63
68
62
29
16
63
54
34
0
61
51
71
54
53
21
54
61
16
12
57
37
82
45
40
20
63
58
33
3
69
37
57
68
47
16
68
45
49
4
59
35
60
66
40
8
74
43
47
7
70
50
75
52
32
16
74
56
31
1
63
37
74
56
29
11
72
60
35
15
61
63
82
39
31
19
63
25
39
24
65
52
75
10
17
26
56
50
43
44
77
33
77
28
16
32
54
69
41
25
75
50
82
57
26
23
58
50
40
11
53
53
86
36
30
17
37
54
37
24
76
62
76
37
24
13
54
25
51
29
79
54
83
54
34
25
27
50
17
28
78
49
81
63
56
21
31
55
9
11
74
56
88
46
25
32
33
56
25
17
72
36
79
35
22
26
62
42
57
19
72
51
82
48
49
20
29
39
31
38
63
48
79
45
34
22
53
41
40
15
73
43
76
51
32
29
56
62
23
6
72
49
73
44
35
19
62
50
41
4
73
45
68
49
38
16
56
51
28
20
79
23
72
65
49
21
73
35
36
1
75
33
77
56
43
30
60
38
33
0
80
45
72
51
37
15
70
49
47
3
61
35
73
60
28
12
62
54
54
2
70
22
78
41
50
18
71
48
52
4
66
31
76
43
15
43
50
58
25
27
82
54
74
28
16
28
70
69
33
3
75
35
85
45
28
26
60
51
31
19
70
53
79
66
36
10
31
70
41
15
49
45
66
73
42
10
45
46
26
25
72
50
75
53
28
11
49
54
42
21
67
51
77
57
42
36
31
60
12
10
74
56
81
40
20
10
46
58
43
35
61
57
76
50
29
36
36
60
24
8
74
66
71
58
33
19
38
66
22
13
64
56
68
64
17
11
58
56
39
18
63
74
82
16
13
21
64
46
21
37
76
27
71
60
45
25
71
37
43
0
71
29
64
64
40
15
57
51
59
1
70
29
60
65
46
19
68
48
39
3
73
30
70
66
58
23
64
39
38
1
61
32
76
62
39
27
64
47
35
0
68
34
72
53
36
25
69
50
35
1
75
67
80
35
22
24
64
58
33
7
60
57
85
35
23
28
64
65
25
4
64
55
78
53
28
43
35
63
11
19
65
55
81
43
16
27
58
38
30
22
80
52
70
33
11
11
44
52
41
58
78
50
68
64
19
42
50
73
11
11
62
23
70
73
58
30
34
72
26
19
45
44
79
49
49
13
51
59
36
12
58
54
79
53
41
16
28
66
21
16
76
66
82
27
17
20
60
63
42
19
54
56
76
41
21
31
37
57
24
39
68
55
78
21
32
20
65
56
43
10
70
35
76
44
33
10
69
58
49
17
59
57
78
53
48
12
48
58
18
29
49
65
84
44
24
31
53
64
32
6
47
56
79
38
23
17
73
63
26
8
67
22
77
30
25
32
75
49
59
2
79
43
83
52
44
38
44
61
16
7
62
50
76
45
24
27
61
55
41
0
71
63
84
46
31
14
72
59
22
1
58
40
77
63
32
17
58
48
40
6
69
15
77
27
37
27
75
57
54
11
70
56
76
44
26
31
47
36
31
28
75
71
55
43
49
25
51
54
27
20
55
60
77
52
21
25
32
54
21
45
63
44
78
22
29
28
79
62
39
0
69
32
69
64
37
69
26
76
12
2
63
18
83
64
48
64
54
37
6
7
69
29
62
54
45
77
21
78
5
8
71
58
70
51
50
45
30
40
31
10
65
66
71
47
34
43
28
51
39
24
47
52
73
43
33
10
47
46
56
32
58
53
76
54
27
26
52
62
23
25
52
16
61
39
54
47
39
53
42
41
58
63
79
23
28
44
69
61
37
1
45
47
60
43
36
53
54
59
18
8
72
54
75
27
24
22
54
62
58
0
74
73
68
55
30
25
44
56
24
10
65
62
68
40
23
25
68
55
28
19
62
48
69
39
34
17
56
66
20
26
75
20
81
60
39
50
46
54
20
17
63
25
71
62
39
59
67
50
16
0
61