36.79291836
46.42534797
46.04196069
64.93255009
61.35892782
65.34765606
77.60572809
50.91256561
57.36232546
56.90944411
64.20155337
75.05060063
79.25974304
87.42982539
53.7891679
57.75459481
67.19474877
78.52015079
80.09565091
85.53860237
84.59121171
69.51768201
49.93361611
32.51748943
34.59866581
51.45971763
41.26806557
33.10769867
31.58756188
42.15911857
41.84296836
43.37288777
53.6691677
53.99647162
60.10809803
41.88880799
45.51428452
59.71625584
53.33950293
60.57116639
60.37334626
69.3969672
41.48297471
42.61480583
40.43688813
50.16888932
49.5718413
60.39860974
68.60892369
31.88750678
45.7676825
44.65822383
56.84540646
67.65524087
65.05269308
78.44611382
41.19850772
56.27300181
54.09096431
65.59990963
81.30821741
86.20469378
85.48989936
55.4125388
58.52047474
60.77243639
75.80788202
69.12604345
82.49422289
86.20469378
60.65397402
51.94772246
37.31954246
39.69363412
47.89014332
58.9259779
36.08251155
34.28338469
41.99836815
45.93289555
47.48276177
55.82366973
65.54432709
62.4278522
47.17267034
48.08192741
49.70872078
63.16650265
58.71000113
62.96149167
67.85092108
35.42216388
48.76982671
44.67675915
50.67394068
57.09209238
58.41570259
67.12840203
42.48482712
49.25536893
65.85572309
68.0869539
77.7643234
78.98867497
85.26249049
59.41417493
60.02443371
58.43497703
65.74743431
67.8443564
85.02976443
89.15637089
60.96826406
71.17871435
72.22074902
77.30582756
74.29403582
78.71963369
82.94697466
73.26733885
44.39291942
43.01499803
48.64429277
56.53296523
62.22102546
45.34820282
42.67582442
39.28906925
50.27914826
49.37156762
55.6650025
68.42645138
66.07271184
50.09801476
47.9026361
61.04333598
62.40039953
63.95730089
79.88834791
71.27066656
46.77143061
48.08555756
47.6623899
56.38054518
55.15078643
55.34884425
62.20887089
35.45118239
48.94840606
53.66500253
71.99576358
74.37345956
71.53110479
70.44052221
51.54000397
49.42864775
55.19596166
60.63901228
79.15731648
79.69697447
78.00483367
56.53841472
67.64471178
65.53545654
73.21911471
74.64091667
78.97798309
77.57541207
68.89022322
48.97080419
33.36818905
39.14552932
52.75575358
55.11283201
42.38760292
47.53224491
48.41343536
54.76822163
56.57616099
59.49236878
63.75384365
63.56875208
48.99023822
48.57925227
49.23592939
52.12759334
59.84029351
61.09759961
72.26144926
42.01861179
47.35923164
46.52115374
53.15151668
53.07404089
52.47289399
54.47816144
38.70406507
55.11115818
70.46124034
71.60728879
70.7378131
78.67891909
83.65355182
53.70104699
53.83129304
54.78055824
66.79674512
80.45320406
86.2547232
87.73370303
50.35943631
57.7941401
59.22616359
65.59838741
69.4815223
82.62910432
83.32458452
81.20897541
49.24265214
49.32271419
47.93622065
75.6349458
59.8470592
49.62608848
38.74605107
44.37016967
47.60539644
52.32743284
61.01813701
61.50511235
62.96186367
53.2540836
57.36606432
60.49813498
66.84039403
67.64980593
67.80866146
72.37854218
40.4685685
42.54541985
44.82672074
46.61272237
60.40863239
61.95792553
71.52767281
36.15709812
48.93577869
57.94354976
69.45136009
72.73823076
76.98729276
78.43080254
38.22485955
50.21770963
52.0768087
56.99383418
66.03652891
73.66069918
81.6316772
46.1002615
48.05975426
48.28305025
59.48321975
71.78972483
69.53243185
81.43765711
77.25884061
48.61248419
39.46942198
46.66702363
57.21127651
42.70225414
33.06249704
32.2763941
47.27755033
41.21059563
43.68174663
44.81792004
51.51722133
60.04605561
46.17928196
47.60420695
47.63415666
56.05958289
55.80376476
55.81198895
60.50279473
35.98899242
39.48335542
43.99038194
47.86388986
53.80469202
55.74193109
60.85281082
37.35300438
37.76712036
42.59078912
60.19733746
63.9672003
69.7499948
76.5689005
45.1307928
62.95249543
64.82339524
71.62488449
75.86914192
90.07075556
87.06111395
46.74802921
64.2364617
60.18168958
71.07706777
84.89121087
84.59091943
86.0898414
70.19241112
44.92857374
40.06639521
43.15436397
48.70255967
52.31764944
41.04191331
34.97267746
39.40129362
43.21382444
47.9794911
48.40017555
51.18857566
59.45691316
48.33597592
47.33893139
48.41539177
57.20426194
57.32627895
64.45591347
64.00800767
36.01265946
37.23830414
43.97597404
44.4973388
45.62148259
50.32616753
51.83780393
34.93204543
52.24165825
63.49740013
64.43694863
67.84449417
83.14659273
78.17194258
40.60979748
56.08655792
51.32765724
67.76995197
65.45926308
83.50577031
85.13999134
45.56386901
52.09104736
67.00257037
63.98089215
77.16063285
81.66233074
79.64671376
70.49744583
54.3268639
39.37028081
36.85720114
62.95774849
62.69865458
51.67062127
36.96082074
38.95634078
45.51599642
43.47408676
58.29802645
51.98620475
52.90926328
34.52049338
49.14430095
58.77568558
51.05892656
52.58066496
60.0006332
65.79658892
35.55579416
44.64113257
44.93451598
50.64458205
48.4083616
51.66030898
57.55642654
31.74576617
52.68127391
51.11473147
50.95765821
63.34945279
72.54070287
75.10013025
44.88325879
42.47876999
53.95909004
72.81250514
73.9860439
73.24719326
76.40734543
43.66412374
45.05600765
49.04407863
70.38692198
71.51451038
74.11212141
71.72532795
65.67090989
56.21147049
24.2532641
42.25402583
50.85886574
37.26701008
35.06293188
40.53990361
43.86901883
43.95740839
47.29816787
53.11487383
56.25011906
68.76573084
33.63755062
38.39246705
44.53914982
45.21632221
55.25757871
63.04254738
71.61932783
35.35648515
37.29375711
50.88479815
53.57515838
53.52158445
53.48850902
57.5295782
26.28859806
40.40353169
47.8155029
59.00769954
59.61430863
58.97156804
74.76141222
30.88853382
32.93114568
38.20660221
60.05275535
59.35387774
75.64495173
75.38780123
40.1011425
47.20953691
56.94749913
63.25518903
58.70341057
72.79625185
79.89374517
53.17423642
31.81098133
26.18033843
30.80139413
58.74273538
41.70199449
34.62402303
30.55240189
39.96388741
42.5068215
43.33096691
42.60427925
52.70648179
49.74955785
39.70851184
37.95254134
52.56305245
52.34819846
57.1140183
67.80093116
60.38955775
29.05047201
42.22120342
46.23976558
47.87720304
47.59154299
51.47129801
63.24418354
35.99436705
54.95672666
51.39564721
57.35597227
58.99629675
65.96038049
83.05597448
47.91905638
49.20216957
54.79048469
70.44885646
70.77455583
82.80315223
81.26331437
55.48219419
51.31571003
50.2678096
58.81914986
63.98412888
71.19841671
82.33665967
76.53824154
49.77995684
39.96075822
43.14548193
45.38358447
48.21840395
37.49811598
36.79438949
36.49476461
34.02761926
40.77551979
42.83859575
59.90426853
63.85866949
33.94283733
48.4854824
47.75365476
60.43528787
61.03366922
65.46313332
64.30175197
34.71142408
35.86769202
43.42683657
44.82485707
45.03952
56.51980363
59.12750587
48.07677134
50.89002233
61.55933304
77.94797121
77.51506732
77.36873534
81.53435822
43.68992263
57.10407808
62.4221369
76.4351494
80.05410606
78.76009054
88.99795421
53.89861417
67.16297817
62.76103285
66.34954264
81.60253558
88.41584876
83.8844804
71.37472291
56.40961853
34.02290804
36.682341
44.90710985
44.1732292
35.64855493
40.84866224
47.3344943
52.11631531
50.2025847
59.69452135
57.57018905
70.20406193
61.67709478
64.56568461
66.14926354
67.39986133
81.21267723
69.56184419
73.57728179
38.23092083
38.93126713
48.97725805
48.64906248
49.89406975
52.01228314
57.03603093
34.38056397
49.19920801
54.91360555
65.85859143
71.70720333
70.48795629
73.99237768
45.15930659
48.02510797
48.7757922
69.39207212
75.64033359
76.50253037
88.34106561
52.46040494
54.29985609
65.05293725
69.84218039
79.81071876
88.18428137
88.25214217
69.41480197
55.73594192
32.38140434
33.19081902
54.40256602
44.43563619
40.22939547
31.65620525
38.20324873
40.01893438
40.14813019
54.71056011
53.73394109
51.23874943
37.63890977
46.57922771
53.76372243
56.46091087
56.83237198
74.21091664
61.44509124
36.76091224
37.53152975
40.24663956
39.67677411
49.18720693
60.82530455
62.06576725
38.29768922
46.55600206
60.03327873
66.30904716
74.86199324
80.08859972
86.28183314
54.36586806
64.00975258
59.81689453
68.7102793
77.94556041
84.78595846
88.10916826
57.65204487
66.01873745
71.6087321
74.60638163
74.74517843
82.01085643
88.19295872
74.1472029
51.48097779
41.41031603
46.09685265
52.8308074
49.89234237
41.63995646
43.96616938
42.94560351
41.34645963
54.0721607
59.9326082
62.03264864
73.41525331
47.93291384
49.60710245
48.12783636
55.44858396
61.43401671
62.41289885
70.67959738
38.69904853
44.90028284
48.83234804
56.24895889
57.751975
58.09086269
59.00724697
34.10077267
52.70537296
61.06465726
61.75166866
72.57376951
76.15522274
79.47774594
48.77602263
60.04974783
60.18200918
74.0489922
72.20097243
81.30172421
79.03958267
47.69690696
57.33314724
62.9400491
70.91716575
83.63884101
83.93398344
85.71410861
63.67914709
52.2950045
36.32073501
49.45230564
52.05311551
48.17249407
56.10893687
45.00731251
44.69289146
38.14780729
46.65442996
50.89115802
63.72957858
56.79969784
44.02523218
44.62769448
52.55065276
52.88940711
63.91514016
63.48694252
70.56562
34.85870366
45.39080463
50.9972315
50.37392953
51.46003229
52.7092115
59.56405335
43.10009592
49.9836553
52.25836784
63.84614578
65.90055951
80.29562344
84.90678957
43.36345763
56.39999092
59.29717208
62.20376493
68.77055419
77.16464815
79.8983488
47.11207205
53.20086611
62.35798332
74.80071145
69.45761461
78.94608859
85.89546743
63.23721411
38.44644276
38.4723385
35.16324712
44.35783199
43.63438334
33.67427502
42.40546595
53.19045005
50.46898204
49.06892271
56.55105701
56.27150772
66.46352235
43.8823026
56.04937866
63.31336259
63.55564682
66.96492334
69.4663791
69.7074112
34.77239978
35.72499571
43.60327537
43.58161323
56.56103962
59.4320463
60.12318689
39.54776877
52.96372617
49.18490561
69.46408897
76.50847044
78.86104926
82.81331917
37.65486993
41.3307119
41.4609727
49.87914498
63.16074653
72.84084783
76.56867748
43.91411193
52.34026796
54.37823017
54.55455233
65.94393202
66.5284172
78.65074968
69.36606387
31.01990558
37.01253504
45.00313157
55.84513959
61.95649474
37.81556282
33.95689892
41.54435161
45.84853064
44.67517237
48.90053452
57.97400802
57.15536995
31.48392114
34.35741875
41.84485485
40.24319123
47.19519085
53.8106618
61.88201498
38.19669215
40.79603477
44.8203745
47.29597836
51.53755685
56.21563326
59.71519739
40.04175424
43.04529707
44.23064352
56.76467372
59.48160524
59.8363491
68.71255727
39.41546942
42.05697218
51.09983233
57.08659449
63.21790746
72.82820259
72.93661153
41.78898212
42.67246874
42.94915693
62.84865839
67.10321049
67.33072178
71.50706709
65.21941515
39.54604516
35.3821325
29.32510062
34.3453154
33.17328693
37.34953952
49.07727272
31.87810781
36.26388372
41.56526225
47.05381848
45.23923815
48.87782166
38.85209537
44.38877845
51.2792625
47.66484515
61.3928802
61.34994865
62.98429274
31.17313155
40.19390369
41.20976674
43.25816356
44.23857331
46.81735432
50.59763869
37.37056691
39.13377218
41.59319794
54.96656256
67.33675637
72.72900483
66.18257849
41.29120995
42.1189708
44.25257803
54.61637418
72.92360865
76.71123342
72.77616658
44.28131012
52.95635764
48.68390233
64.8635809
69.91819124
77.39006705
72.8194447
67.85140123
39.70837721
29.75390984
33.90426054
45.8722703
37.52900727
26.328114
30.93371774
36.76766585
39.93663469
50.34533346
45.19220072
55.15950125
51.76347285
42.24233071
50.32816592
50.23030948
51.62400526
56.30041323
60.70905851
62.84649037
37.42268985
42.71502631
43.33635444
43.63469083
48.90710809
58.81864125
59.20302131
34.92015748
45.9394013
60.32494577
57.22040251
54.66592728
67.56924442
82.65452794
34.49382478
39.07458137
53.22775182
67.21133551
72.91173764
84.16293776
85.81610833
47.03682703
52.56900682
55.09103083
70.73580263
74.82159915
74.18991544
83.36327368
74.94337995
49.40512862
31.61766905
40.02793001
54.2511003
40.39170857
38.2056788
38.77837788
34.91598492
38.49758322
43.99463063
42.56645958
54.13072311
52.88819954
35.52610432
38.21143326
43.95431357
47.75629851
47.58518947
46.01326104
56.6072328
37.98694148
36.15829668
40.05491992
42.40761454
42.54854529
43.57702395
64.48618787
