20.76151327
41.10142818
64.31246779
88.26864426
60.65627574
24.32474079
30.60148965
76.54170289
39.08036546
78.68823622
67.21253174
76.87901287
60.51947799
66.13567624
59.51290332
69.49502569
56.21102837
79.88647878
68.22550796
69.33594712
54.37602837
24.12885824
23.61234224
62.24580216
63.94576953
22.12885824
65.55471598
30.22604306
56.52375251
60.67002297
67.04434497
68.95364065
64.53024110
61.56195907
58.50313899
45.25471598
65.61471598
48.55471598
85.67629669
58.02292271
46.69410320
72.68537635
54.85378721
59.06019266
59.33657432
58.62145265
43.60278680
61.94576953
47.31354613
33.16450589
71.74308755
49.65595378
84.01466658
68.95364065
73.91303290
55.09290605
19.86045497
54.75364065
85.85083259
58.95364065
41.26143932
68.93764140
35.91091596
33.35010344
36.76587233
35.65880003
39.15920847
58.82551332
64.53024110
64.53024110
48.82551332
31.14518176
57.21509810
61.18887054
64.18787872
65.13838025
70.22849413
58.95364065
22.77930413
81.01466658
21.86045497
85.23743578
81.49736799
79.11575510
58.19670954
67.14136413
86.69362827
64.18304019
74.09624262
74.98037310
54.29918466
50.26612206
33.73859421
88.35881807
62.56799589
67.18503883
67.49372792
86.41736926
20.85869111
67.89113555
52.02727884
43.64668025
52.28682425
68.35743424
50.54635104
31.64685998
76.86120089
75.62631058
40.78239960
75.36485064
26.30964214
22.63241359
66.21094900
79.89858230
80.91508807
36.27741999
34.49106335
39.10341669
44.55100672
60.30510446
24.60241138
75.85735313
37.44509760
70.98381137
61.26671195
60.53507916
30.63241359
22.63241359
50.54453759
54.35012488
42.75323324
34.56758644
37.42281129
26.62496997
50.75539331
51.51370296
64.21741396
59.44554405
49.57874862
41.06004757
56.81989844
55.83013355
67.81783084
67.98994676
49.84478579
51.51477231
66.94356104
59.20966848
59.01003413
22.63241359
30.90695977
45.85974132
44.56135709
69.33045244
38.83877792
71.79093536
79.28421964
67.65621927
67.80169737
43.44884301
44.03743474
46.68439942
72.95483673
48.55543392
64.33288557
66.85409836
68.08704373
65.22150251
47.44425062
54.47325530
30.81695409
44.22903917
65.85321850
58.79365388
54.28765711
41.83546579
76.84752610
75.74530944
47.51709235
32.76016539
50.35940984
51.70842573
44.97398876
73.12740948
61.45497143
79.88116723
62.70461400
77.37702024
63.54133127
48.21001798
46.60488190
79.17130013
86.63883955
43.09752773
65.39245411
76.11034404
57.27230254
37.36212223
51.64298821
52.25906546
30.36269398
35.26554423
20.29347866
22.63241359
51.60322996
63.29372719
77.56486725
77.84016930
66.91963480
54.43773872
74.95610611
74.27341866
63.67767989
74.78706620
57.32419672
44.70804922
38.39276546
56.73426761
52.18632246
69.27037252
61.15931083
64.28287461
41.15708420
71.68279281
79.67417672
27.32571381
71.38576707
70.97563730
69.98471516
66.85204914
57.66464195
66.02314487
64.75416405
70.85986340
58.92776801
43.79858487
60.91787415
53.42415929
52.14042665
59.98555023
64.39591578
60.88440464
53.46370821
71.34078332
56.65695141
70.57564612
61.41548225
62.50048955
50.15904821
58.96900861
68.69171459
69.32448017
53.90701900
59.32017831
51.38219880
54.67560005
59.83380784
63.17947204
57.73499090
47.84745275
58.56099468
52.37822540
59.80568820
59.82447200
55.84771147
72.38370190
54.16283245
61.44949292
66.06481791
69.75224533
69.85036191
50.70513309
60.27908789
68.84947037
80.55598891
70.38294635
66.23899826
54.81097429
70.44396883
62.92438115
59.72994062
51.78876198
55.25026433
49.08325620
62.29608306
64.66444547
57.81274625
69.79422899
51.58552061
68.95041754
56.27430221
41.17086442
50.66354273
65.28311311
65.32083372
54.20995764
60.98210576
39.80508596
63.91339372
66.94169304
67.27660530
65.59848054
48.20850829
61.99299341
56.68446426
59.71970322
59.09290466
52.04678956
60.07626199
66.81638566
61.97164750
63.63444132
60.99141744
63.35628239
76.27667832
75.41673189
88.45630879
54.20974972
55.49492461
43.11423053
69.09231542
58.64530908
55.72447940
32.93504855
73.80858465
67.89409732
57.68880770
72.21272962
76.91987405
70.08733232
74.29611645
88.67840020
74.15287836
60.85547542
74.49181127
72.64332323
68.30602108
65.03814602
71.66135984
72.83374081
62.61039053
68.48725628
69.97691540
70.96200342
72.13662912
77.08644920
61.57414823
51.30246395
30.60536163
62.14272469
62.89951766
68.60041576
27.01790442
41.54343773
30.60536163
55.16777781
36.07737252
21.76122776
64.48073357
63.43691173
52.91868596
52.85909592
39.92568006
43.60935264
67.30755211
66.60219159
25.33685053
44.95667366
63.82481169
43.54386610
35.21857101
66.85934394
59.12502004
60.42082793
71.95598534
64.37892652
59.11149021
61.13591820
67.30069660
61.65278304
42.76122776
67.15213674
68.11219619
67.43583573
65.94725259
65.77357514
65.82349212
70.29542140
68.80946906
77.82713352
69.13741336
49.38150847
77.97401664
21.76122776
59.41460546
42.10796067
69.18488971
21.76122776
62.61506571
66.19761009
67.33359998
63.66348544
57.82562502
21.76122776
31.76122776
66.90449431
48.95175608
58.13642871
46.23377195
47.00398684
43.10377064
35.90617922
44.15305347
31.37310337
66.40710561
76.78259523
37.20526435
45.64905405
46.20383390
26.53248591
44.45906694
40.07123401
63.17766276
52.03302756
53.13332719
37.26234199
37.40439884
73.01312248
50.83294319
56.58675339
46.80086334
68.28297283
49.80172034
64.04410662
74.01683485
70.90422096
28.96180170
56.71776792
31.35424596
55.59192977
64.92954300
33.23632937
41.80508508
23.12632937
43.82107473
44.66185016
43.85628222
36.23110826
54.89950562
34.42224447
54.03608348
72.52473610
40.42928228
46.72559668
57.46827301
58.32786473
44.71064818
54.55643091
35.56236723
57.77384305
47.11320022
69.57463917
34.04192610
41.30339252
67.15385143
28.04192610
28.84311042
32.95315454
54.64080122
68.61245799
30.23632937
54.66657525
37.47648014
61.13051253
34.78727763
29.65278720
41.41795258
51.63941295
64.89174342
54.92747591
51.38892633
55.88182434
59.17891173
50.92186646
70.24095011
59.73212225
44.20406200
23.23632937
52.19477462
56.14474481
55.45073912
70.09560027
61.49862690
58.77106528
63.33875683
74.18355917
66.13311212
71.27184282
72.32965874
63.26931712
60.75149278
47.43440359
68.07371136
67.54168708
70.17565837
68.15032354
49.98522400
33.91305774
63.63002000
42.77232805
44.26956724
56.94203757
61.48806149
57.30197472
35.70104559
55.88356957
49.87357585
45.61736601
79.66686872
32.59149638
60.12202131
65.45952002
82.48071567
53.84669858
52.15157352
64.88395547
65.55433608
48.25097151
68.13802647
57.99608350
75.39474554
60.48036227
62.34055550
44.01914364
52.94995134
72.25698318
67.76093725
62.81757682
23.23632937
71.68697171
42.79271566
66.53965887
61.78918554
60.45812475
63.60451675
31.15632937
38.93215808
70.34782600
65.33940602
55.51836166
64.66885275
59.15345251
61.47941123
67.63475234
68.86388706
59.61004145
57.26451897
62.85897426
63.74414244
68.39616215
68.42729678
65.33418475
64.26101594
44.20128399
47.64292284
67.60855981
66.70608552
72.41951887
31.85485444
44.72039221
68.64983856
57.27898437
45.99873216
44.88351168
60.26806835
49.60855470
60.74267538
61.91511376
57.44056025
39.65203104
23.23632937
43.96612624
46.51089014
44.31894100
60.06622083
62.13857524
67.99143012
33.29488085
59.85850733
61.18640673
55.14618658
49.41042401
27.99913312
51.03227849
56.86260374
36.88834279
21.18572455
64.26369390
70.66699825
51.04011001
37.38854721
53.53963978
51.64464267
67.45605541
54.85574076
62.01770506
33.23632937
48.24985852
65.45035345
71.75659775
66.31511747
59.29747651
29.91145888
63.98101281
31.80753739
61.47191353
62.35409574
51.64464267
67.29653899
60.63991256
61.49867121
56.68770793
64.29116432
55.82507393
63.22380796
51.41567535
23.23632937
57.37796491
23.23632937
58.97911511
50.76092094
70.25371605
65.73547986
41.42359567
53.80987004
64.68178719
34.76014144
33.47399426
56.77515787
67.74750618
79.14773996
42.67314050
63.53380078
65.10628662
42.15680467
37.10128120
27.30521473
46.90735606
27.22072619
57.70397687
66.17144875
54.62009481
60.33243931
66.46014534
71.88245915
71.16376439
78.12722334
68.58913237
51.14173791
58.00563354
79.69324435
70.14516521
62.21796377
69.10311111
70.15318088
55.11239731
21.27688904
53.63492213
64.08276638
68.32621472
65.13013559
69.07361213
60.28690382
60.04515839
22.54537332
59.32002203
38.11419392
50.97044425
45.25673733
73.62405182
22.79410360
56.77723475
62.20441861
63.21830337
34.09855477
35.23627220
24.79410360
32.29786883
40.60774662
31.41781225
25.85963126
35.87196999
70.87777793
32.47003738
31.00726447
38.77872513
41.16288288
62.43936813
59.53412274
60.78620169
60.34242052
32.32447562
62.31209294
27.42425432
47.98848633
49.35213163
22.61189591
52.95229710
37.02594843
32.60638350
43.23224198
54.74258571
51.68848080
30.47220987
50.69547083
59.18964231
36.62499572
37.47079898
54.54212213
20.57902815
54.52758004
45.49610239
39.82965698
36.38259867
47.00487716
55.68202207
73.08813332
64.39647461
47.47701062
72.53111197
68.01967033
45.09316390
53.53808990
47.98601654
74.98506316
62.56505799
46.15830491
28.53774078
55.89773766
79.16466866
56.88243622
49.11818308
50.54557924
77.43181505
62.54924851
63.17982117
62.94794466
67.25050003
45.07130748
57.61032690
35.25373360
29.65186846
52.62291732
33.11967227
41.38691650
38.62739333
36.60610521
27.41806570
57.81897803
22.63257971
37.31823673
59.25989684
61.60348070
37.44630187
52.94002632
72.19705544
32.09602895
61.16030482
50.67653830
43.56478252
39.55377890
29.58606108
62.18061858
61.41296327
58.15737718
58.89329306
69.15054408
62.20868215
51.47595516
56.72483782
59.52331729
40.22205559
45.79358393
44.79861419
33.76842546
40.90717483
36.95855213
44.76880943
39.81324171
29.76908579
32.93397206
34.69092277
32.92141010
36.45409163
30.88163029
30.85666745
24.79410360
25.79410360
64.31328908
64.59265653
33.36956225
35.45829426
31.01958105
63.89460857
50.29406549
42.04304173
67.42513568
31.71745641
37.93005439
54.22494687
55.40427326
43.29330352
69.20828785
69.83853433
57.16422639
37.11082371
59.95738774
45.81488772
51.26566296
57.09890358
53.28634636
52.74290156
69.68212518
70.00421087
58.57042482
24.36220359
65.93136078
57.23567146
61.71737058
63.80753812
70.91899908
50.01534426
49.47928373
44.80710910
50.92930167
63.95700243
62.52835329
70.03064180
65.76791547
58.90164668
56.47638395
60.17737467
58.08324453
56.68983110
71.29975172
43.08628207
59.38834709
61.32397925
62.99902682
64.95813532
37.35894835
60.06457576
20.32474079
66.78935585
46.99332793
50.82422319
52.21906028
30.38346627
24.32474079
60.62153531
80.31646430
57.63933354
24.32474079
48.90346928
53.09317349
20.32474079
72.76765056
60.30670604
64.83934310
50.88537877
59.05106633
41.05679186
37.32474079
54.93522010
60.76811006
69.66080755
52.25289174
41.02395844
29.53620285
53.87731348
54.04243003
54.31309893
50.11574409
49.37984729
21.60148965
30.20297209
25.95880669
35.47584508
24.32474079
70.22700587
45.76100049
69.51219438
32.90005877
23.10142818
56.43291191
38.40995871
55.95880669
50.47584508
48.74505973
62.90005877
27.92459110
54.96101337
50.12385169
64.07366663
63.29539829
40.31382807
50.79747123
29.61194795
65.22201059
51.02075082
60.28265302
64.78146110
57.20405220
42.35137059
59.11946644
63.47720131
70.71204220
62.33111770
61.32916667
59.97808817
67.88401654
44.91432625
42.51044412
67.18849042
68.17874284
41.41945025
41.70823606
40.67562089
51.11487956
57.56056528
69.84706006
45.95546585
27.80837695
43.49055259
28.64141333
50.69921869
51.65224748
76.47707411
40.32474079
41.99558535
23.13669880
22.32474079
60.14120877
57.50987066
57.59728594
56.03367603
64.75752733
37.11159492
24.32474079
55.12229389
60.81552897
40.48239017
63.71480980
62.15869501
47.96405415
32.92787252
33.05491856
64.46953987
60.06637463
73.87279409
52.54839774
24.32474079
28.29124593
60.03465486
23.92555921
56.55898349
65.82939044
61.10015585
62.21344107
24.32474079
69.61869330
52.73851171
32.50233851
61.10015585
67.10015585
32.50233851
68.10015585
60.92814410
61.44821612
77.00254860
60.92814410
61.44821612
62.55189604
74.95845180
75.62584350
77.00254860
79.03064180
81.52264850
79.03063540
53.52295671
67.55615619
57.02696869
56.72639124
57.30028606
64.15131822
58.46550837
63.53851169
67.65118781
30.74910507
66.68823622